2010-09-20,370.0,1477.269,516.927,1602.46,1643.2,299.0,211.0,854.78,1130.168,162.38
2010-09-20,1840.27,348.8,1700.0,379.0,1228.9
2010-09-20,818.0,1484.47,535.2,824.1,1295.3,1359.8,489.0,927.9,1928.746
2010-09-20,1583.4,255.0,1885.6,1996.9,1274.01,597.002,1392.63,1837.52,1947.09
2010-09-20,1336.889,1180.2,1676.31,854.0,121.0,111.0,129.0
2010-09-20,143.97,1336.6,1108.157,961.438
2010-09-20,1755.3,1342.0,1030.76,1808.12,76.93,1816.0,1473.1,1006.9,1218.6,1088.81
2010-09-20,1303.6,331.17,223.2,475.0
2010-09-20,1494.094,954.0,1244.82,1300.56,490.77,663.282,1092.47,1624.953
2010-09-20,1700.97,1643.0,594.755,1722.7
2010-09-20,1180.61,132.2,92.39,231.766,1155.384,1130.37,1102.0,919.211,1310.0
2010-09-20,1529.45,1974.68,404.5,617.19,671.4,339.0,1293.0,502.86
2010-09-20,360.8,1386.24,1719.0,990.9
2010-09-20,1022.9,615.97,45.0,1986.1,1725.51,1072.2,1456.392,304.853,476.3,1480.528
2010-09-20,1747.0,1747.752,1688.38
2010-09-20,1768.0,1788.4,1586.0,1911.8,476.21,764.7,1594.47
2010-09-20,1806.3,1264.3,1201.7,1306.1,1327.3,1335.605
2010-09-20,671.272,519.39,1919.6,1471.8,1182.0,161.4
2010-09-20,1478.0,952.6,1382.0,1914.0,1547.0,945.1,772.0,1503.4,1068.0,196.0
